1.000000000000000000e+00
1.000000000000000000e+00
8.648314476013183594e-01
3.750000000000000000e-01
3.813427314162254333e-02
1.000000000000000000e+00
3.644164800643920898e-01
1.000000000000000000e+00
6.446515321731567383e-01
8.820819854736328125e-01
1.799574792385101318e-01
1.116148978471755981e-01
1.000000000000000000e+00
6.122705936431884766e-01
1.000000000000000000e+00
9.910541176795959473e-01
8.548901677131652832e-01
1.842122375965118408e-01
1.206347122788429260e-01
1.000000000000000000e+00
6.443175077438354492e-01
1.000000000000000000e+00
9.968367218971252441e-01
8.653712272644042969e-01
1.869058161973953247e-01
1.201536506414413452e-01
1.000000000000000000e+00
5.464481115341186523e-01
1.000000000000000000e+00
9.995468258857727051e-01
9.014118313789367676e-01
1.854124665260314941e-01
1.174892857670783997e-01
1.000000000000000000e+00
6.495574116706848145e-01
1.000000000000000000e+00
9.999301433563232422e-01
8.748202919960021973e-01
1.866508871316909790e-01
1.169875413179397583e-01
1.000000000000000000e+00
6.483062505722045898e-01
1.000000000000000000e+00
9.999912977218627930e-01
9.605492949485778809e-01
1.864941567182540894e-01
1.134427338838577271e-01
1.000000000000000000e+00
5.179659724235534668e-01
1.000000000000000000e+00
9.999935030937194824e-01
8.965086936950683594e-01
1.876443177461624146e-01
1.125318184494972229e-01
1.000000000000000000e+00
6.088275313377380371e-01
1.000000000000000000e+00
9.999991059303283691e-01
8.567735552787780762e-01
1.868557482957839966e-01
1.201888695359230042e-01
1.000000000000000000e+00
4.990081787109375000e-01
1.000000000000000000e+00
9.999923706054687500e-01
8.549122810363769531e-01
1.881221681833267212e-01
1.112246960401535034e-01
1.000000000000000000e+00
3.849301636219024658e-01
