1.000000000000000000e+00
1.000000000000000000e+00
-1.882456243038177490e-01
9.536398202180862427e-02
-3.813405334949493408e-02
9.312360882759094238e-01
-3.333333432674407959e-01
1.000000000000000000e+00
-4.999979212880134583e-02
-8.309028744697570801e-01
-3.830316364765167236e-01
-1.119059026241302490e-01
7.071067690849304199e-01
-7.071067690849304199e-01
0.000000000000000000e+00
-4.999990388751029968e-02
-8.054605722427368164e-01
-3.837183415889739990e-01
-1.215107440948486328e-01
0.000000000000000000e+00
-6.738651990890502930e-01
0.000000000000000000e+00
-4.999973624944686890e-02
-8.488832712173461914e-01
-3.798883855342864990e-01
-1.202714964747428894e-01
0.000000000000000000e+00
-7.011056542396545410e-01
0.000000000000000000e+00
-4.981707781553268433e-02
-9.012285470962524414e-01
-3.839956223964691162e-01
-1.200199499726295471e-01
0.000000000000000000e+00
-5.196593403816223145e-01
0.000000000000000000e+00
-4.978532344102859497e-02
-8.168551325798034668e-01
-3.835792839527130127e-01
-1.120940595865249634e-01
0.000000000000000000e+00
-5.965887308120727539e-01
0.000000000000000000e+00
-4.977034404873847961e-02
-8.648314476013183594e-01
-4.195514321327209473e-01
-1.005799174308776855e-01
0.000000000000000000e+00
-5.544251799583435059e-01
0.000000000000000000e+00
-4.876089468598365784e-02
-8.488832712173461914e-01
-3.800860941410064697e-01
-1.200593858957290649e-01
0.000000000000000000e+00
-4.399936199188232422e-01
0.000000000000000000e+00
0.000000000000000000e+00
-8.169012069702148438e-01
-3.782480955123901367e-01
-1.199782341718673706e-01
0.000000000000000000e+00
-5.423541665077209473e-01
0.000000000000000000e+00
0.000000000000000000e+00
-8.376005291938781738e-01
-3.749781548976898193e-01
-1.173191219568252563e-01
0.000000000000000000e+00
-6.634786128997802734e-01
