9.592313170433044434e-01
1.387506008148193248e-01
8.011054229736328525e-01
2.276018714904785023e-01
1.157293200492858887e+00
1.554782509803771973e+00
1.053983569145202637e+00
2.582079728444417466e+00
1.000000000000000000e+00
1.250737071037292480e+00
2.173595190048217773e+00
1.200242638587951660e+00
3.260325431823730469e+00
1.000000000000000000e+00
8.324356675148010254e-01
8.402847647666931152e-01
8.768928050994873047e-01
9.967457652091979980e-01
1.000000000000000000e+00
1.000000000000000000e+00
1.000000000000000000e+00
1.000000000000000000e+00
1.000000000000000000e+00
1.000000000000000000e+00
