-3.158631801605224609e+00
-2.871084594726562300e-01
-2.166795730590820312e-01
-3.508151245117187567e-01
-9.215121269226074219e-01
-1.820884466171264648e+00
-8.045778274536132812e-01
-3.281152089436849106e+00
0.000000000000000000e+00
-8.705206513404846191e-01
-2.041851997375488281e+00
-7.878961563110351562e-01
-3.223999659220377456e+00
0.000000000000000000e+00
5.984848365187644958e-02
6.052815541625022888e-02
6.264650076627731323e-02
6.646530330181121826e-02
7.251411676406860352e-02
8.179499208927154541e-02
9.627979993820190430e-02
1.222612112760543823e-01
1.450949162244796753e-01
1.385988444089889526e-01
